/*--------------------------------*- C++ -*----------------------------------*\
| =========                 |                                                 |
| \\      /  F ield         | OpenFOAM: The Open Source CFD Toolbox           |
|  \\    /   O peration     | Version:  2406                                  |
|   \\  /    A nd           | Website:  www.openfoam.com                      |
|    \\/     M anipulation  |                                                 |
\*---------------------------------------------------------------------------*/
FoamFile
{
    version     2.0;
    format      ascii;
    arch        "LSB;label=32;scalar=64";
    class       cellSet;
    location    "constant/polyMesh/sets";
    object      actuationDisk;
}
// * * * * * * * * * * * * * * * * * * * * * * * * * * * * * * * * * * * * * //


320
(
75946
75947
75948
75949
74938
74939
74940
74941
75970
75971
75972
75973
77002
77003
77004
77005
78034
74962
78035
74963
78036
74964
78037
74965
75994
75995
75996
75997
77026
77027
77028
77029
78058
74986
78059
74987
78060
74988
78061
74989
79090
76018
79091
76019
79092
76020
79093
76021
77050
77051
77052
77053
78082
75010
78083
75011
78084
75012
78085
75013
79114
76042
79115
76043
79116
76044
79117
76045
80146
77074
80147
77075
80148
77076
80149
77077
78106
78107
78108
78109
79138
76066
79139
76067
79140
76068
79141
76069
80170
77098
80171
77099
80172
77100
80173
77101
81202
78130
81203
78131
81204
78132
81205
78133
79162
76090
79163
76091
79164
76092
79165
76093
80194
77122
80195
77123
80196
77124
80197
77125
81226
78154
81227
78155
81228
78156
81229
78157
79186
76114
79187
76115
79188
76116
79189
76117
80218
77146
80219
77147
80220
77148
80221
77149
81250
78178
81251
78179
81252
78180
81253
78181
82282
79210
82283
79211
82284
79212
82285
79213
80242
77170
80243
77171
80244
77172
80245
77173
81274
78202
81275
78203
81276
78204
81277
78205
82306
79234
82307
79235
82308
79236
82309
79237
83338
80266
83339
80267
83340
80268
83341
80269
81298
78226
81299
78227
81300
78228
81301
78229
82330
79258
82331
79259
82332
79260
82333
79261
83362
80290
83363
80291
83364
80292
83365
80293
81322
78250
81323
78251
81324
78252
81325
78253
82354
79282
82355
79283
82356
79284
82357
79285
83386
80314
83387
80315
83388
80316
83389
80317
81346
81347
81348
81349
82378
79306
82379
79307
82380
79308
82381
79309
83410
80338
83411
80339
83412
80340
83413
80341
84442
81370
84443
81371
84444
81372
84445
81373
82402
82403
82404
82405
83434
80362
83435
80363
83436
80364
83437
80365
84466
81394
84467
81395
84468
81396
84469
81397
82426
82427
82428
82429
83458
83459
83460
83461
84490
81418
84491
81419
84492
81420
84493
81421
82450
82451
82452
82453
83482
83483
83484
83485
84514
84515
84516
84517
83506
83507
83508
83509
)


// ************************************************************************* //
