/*--------------------------------*- C++ -*----------------------------------*\
| =========                 |                                                 |
| \\      /  F ield         | OpenFOAM: The Open Source CFD Toolbox           |
|  \\    /   O peration     | Version:  2406                                  |
|   \\  /    A nd           | Website:  www.openfoam.com                      |
|    \\/     M anipulation  |                                                 |
\*---------------------------------------------------------------------------*/
FoamFile
{
    version     2.0;
    format      ascii;
    arch        "LSB;label=32;scalar=64";
    class       cellSet;
    location    "constant/polyMesh/sets";
    object      turbineCellSet;
}
// * * * * * * * * * * * * * * * * * * * * * * * * * * * * * * * * * * * * * //


434
(
32901
32902
32903
32961
32962
32963
33021
33022
33023
33081
33082
33083
82282
82283
82284
82285
82306
82307
82308
82309
82330
82331
82332
82333
82354
82355
82356
82357
82378
82379
82380
82381
82402
82403
82404
82405
82426
82427
82428
82429
82450
82451
82452
82453
17121
17122
17123
17181
17182
17183
83338
83339
83340
83341
83362
83363
83364
83365
83386
83387
83388
83389
83410
83411
83412
83413
83434
83435
83436
83437
83458
83459
83460
83461
83482
83483
83484
83485
83506
83507
83508
83509
84442
84443
84444
84445
84466
84467
84468
84469
84490
84491
84492
84493
84514
84515
84516
84517
35541
35542
35543
35601
35602
35603
35661
35662
35663
35721
35722
35723
19701
19702
19703
19761
19762
19763
19821
19822
19823
19881
19882
19883
22281
22282
22283
22341
22342
22343
22401
22402
22403
22461
22462
22463
22521
22522
22523
22581
22582
22583
24921
24922
24923
24981
24982
24983
25041
25042
25043
25101
25102
25103
25161
25162
25163
25221
25222
25223
74938
74939
74940
74941
74962
74963
74964
74965
74986
74987
74988
74989
75010
75011
75012
75013
75946
75947
75948
75949
75970
75971
75972
75973
75994
75995
75996
75997
76018
76019
76020
76021
76042
76043
76044
76045
76066
76067
76068
76069
76090
76091
76092
76093
76114
76115
76116
76117
27561
27562
27563
27621
27622
27623
27681
27682
27683
27741
27742
27743
27801
27802
27803
77002
77003
77004
77005
27861
27862
27863
77026
77027
77028
77029
77050
77051
77052
77053
77074
77075
77076
77077
77098
77099
77100
77101
77122
77123
77124
77125
77146
77147
77148
77149
77170
77171
77172
77173
78034
78035
78036
78037
78058
78059
78060
78061
78082
78083
78084
78085
78106
78107
78108
78109
78130
78131
78132
78133
78154
78155
78156
78157
78178
78179
78180
78181
78202
78203
78204
78205
78226
78227
78228
78229
78250
78251
78252
78253
79090
79091
79092
79093
79114
79115
79116
79117
79138
79139
79140
79141
79162
79163
79164
79165
79186
79187
79188
79189
79210
79211
79212
79213
79234
79235
79236
79237
79258
79259
79260
79261
79282
79283
79284
79285
79306
79307
79308
79309
30201
30202
30203
30261
30262
30263
30321
30322
30323
30381
30382
30383
30441
30442
30443
30501
30502
30503
80146
80147
80148
80149
80170
80171
80172
80173
80194
80195
80196
80197
80218
80219
80220
80221
80242
80243
80244
80245
80266
80267
80268
80269
80290
80291
80292
80293
80314
80315
80316
80317
80338
80339
80340
80341
80362
80363
80364
80365
81202
81203
81204
81205
81226
81227
81228
81229
81250
81251
81252
81253
81274
81275
81276
81277
81298
81299
81300
81301
81322
81323
81324
81325
81346
81347
81348
81349
81370
81371
81372
81373
81394
81395
81396
81397
81418
81419
81420
81421
)


// ************************************************************************* //
